cat_1: 7.4028968811e-05
cat_10: 0.00238770246506
cat_11: 0.00431400537491
cat_12: 0.00189048051834
cat_13: 0.00619441270828
cat_14: 0.011945605278
cat_15: 0.00507712364197
cat_16: 0.00108903646469
cat_17: 0.01040828228
cat_18: 0.00396353006363
cat_19: 0.000716865062714
cat_2: 0.00251775979996
cat_20: 0.00405883789062
cat_21: 0.000627756118774
cat_22: 0.000871121883392
cat_23: 0.00700056552887
cat_24: 0.00463402271271
cat_25: 0.00115942955017
cat_26: 0.00388562679291
cat_3: 0.00215101242065
cat_4: 0.00350779294968
cat_5: 0.0
cat_6: 0.00511562824249
cat_7: 0.00400567054749
cat_8: 0.0
cat_9: 0.000288486480713
num_1: 9.0479850769e-05
num_10: 0.00142902135849
num_11: 0.0190666913986
num_12: 0.000329673290253
num_13: 0.0187057256699
num_2: 0.000378608703613
num_3: 9.07182693481e-05
num_4: 0.00651174783707
num_5: 0.0117264389992
num_6: 0.0115110874176
num_7: 0.00010222196579
num_8: 0.00832796096802
num_9: 0.00494003295898